[0 0 2]
[0 0 4]
[0 0 5]
[0 0 7]
[0 0 8]
[0 1 0]
[0 1 2]
[0 1 3]
[0 1 4]
[0 1 5]
[0 1 6]
[0 2 0]
[0 2 1]
[0 2 2]
[0 2 3]
[0 2 4]
[0 2 5]
[0 2 7]
[0 3 0]
[0 3 1]
[0 3 2]
[0 3 3]
[0 3 4]
[0 3 6]
[0 4 0]
[0 4 2]
[0 4 3]
[0 4 4]
[0 4 7]
[0 5 0]
[0 6 0]
[0 6 3]
[0 7 0]
[0 8 0]
[0 9 0]
[ 0 10  0]
[ 0 11  0]
[ 0 12  0]
[ 0 13  0]
[ 0 14  0]
[ 0 15  0]
[ 0 16  0]
[ 0 17  0]
[ 0 18  0]
[ 0 19  0]
[ 0 20  0]
[ 0 21  0]
[ 0 22  0]
[ 0 23  0]
[ 0 24  0]
[ 0 25  0]
[ 0 26  0]
[ 0 27  0]
[ 0 28  0]
[ 0 29  0]
[ 0 30  0]
[ 0 31  0]
[ 0 32  0]
[ 0 33  0]
[ 0 34  0]
[ 0 35  0]
[ 0 36  0]
[ 0 37  0]
[ 0 38  0]
[ 0 39  0]
[ 0 40  0]
[ 0 41  0]
[ 0 42  0]
[ 0 43  0]
[ 0 44  0]
[ 0 45  0]
[ 0 46  0]
[ 0 47  0]
[ 0 48  0]
[ 0 49  0]
[ 0 50  0]
[ 0 52  0]
[ 0 53  0]
[ 0 54  0]
[ 0 55  0]
[ 0 56  0]
[ 0 57  0]
[  0 247   7]
[  0 249   9]
[  0 250   0]
[  0 250   3]
[  0 250   5]
[  0 251   0]
[  0 251   1]
[  0 251   2]
[  0 251   3]
[  0 252   0]
[  0 252   1]
[  0 252   2]
[  0 252   3]
[  0 252   4]
[  0 252   7]
[  0 253   0]
[  0 253   1]
[  0 253   2]
[  0 253   3]
[  0 253   4]
[  0 253   5]
[  0 253  12]
[  0 254   0]
[  0 254   1]
[  0 254   2]
[  0 254   4]
[  0 254   5]
[  0 254   6]
[  0 254   8]
[  0 254  10]
[  0 254  12]
[  0 255   0]
[  0 255   1]
[  0 255   2]
[  0 255   3]
[  0 255   4]
[  0 255   5]
[  0 255   6]
[  0 255   7]
[  0 255   8]
[  0 255   9]
[  0 255  10]
[1 0 0]
[1 0 2]
[1 0 4]
[1 0 5]
[1 0 6]
[1 0 7]
[1 0 8]
[1 0 9]
[1 1 0]
[1 1 1]
[1 1 3]
[1 1 9]
[1 2 0]
[1 2 4]
[1 2 6]
[1 3 0]
[1 3 2]
[1 5 4]
[1 6 2]
[  1 242   3]
[  1 246   5]
[  1 249   2]
[  1 250   0]
[  1 251   3]
[  1 251   4]
[  1 252   0]
[  1 252   1]
[  1 253   0]
[  1 253   8]
[  1 253  10]
[  1 254   3]
[  1 254   5]
[  1 254   6]
[  1 255   0]
[  1 255   1]
[  1 255   2]
[  1 255   3]
[  1 255   4]
[  1 255   5]
[  1 255   6]
[  1 255   7]
[  1 255   9]
[2 0 1]
[2 0 3]
[2 0 6]
[2 1 0]
[2 1 6]
[2 1 7]
[2 2 0]
[2 2 2]
[2 2 4]
[2 3 0]
[2 3 5]
[2 3 7]
[2 4 1]
[2 4 3]
[2 5 0]
[  2 250   3]
[  2 250   6]
[  2 251   1]
[  2 252   4]
[  2 253   0]
[  2 253   2]
[  2 254   0]
[  2 255   0]
[  2 255   1]
[  2 255   2]
[  2 255   3]
[  2 255   4]
[  2 255   5]
[  2 255   6]
[  2 255   7]
[  2 255   8]
[  2 255   9]
[  2 255  11]
[3 0 0]
[3 0 2]
[3 0 4]
[3 0 5]
[3 0 7]
[3 0 9]
[3 1 2]
[3 1 4]
[3 1 6]
[3 2 0]
[3 2 7]
[3 2 8]
[3 3 1]
[3 3 3]
[3 3 5]
[3 4 0]
[3 4 6]
[3 4 8]
[3 5 0]
[3 5 4]
[3 9 7]
[  3 247   9]
[  3 251   4]
[  3 251   5]
[  3 251  14]
[  3 252   0]
[  3 252   2]
[  3 252  10]
[  3 253   0]
[  3 253   5]
[  3 253   6]
[  3 253   8]
[  3 254   0]
[  3 254   1]
[  3 254   3]
[  3 255   0]
[  3 255   1]
[  3 255   2]
[  3 255   3]
[  3 255   4]
[  3 255   5]
[  3 255   6]
[  3 255   7]
[  3 255   8]
[4 0 0]
[4 0 1]
[4 0 2]
[4 0 3]
[4 0 4]
[4 0 5]
[4 0 6]
[4 0 7]
[4 0 8]
[4 1 8]
[4 2 3]
[4 2 5]
[4 2 7]
[4 3 1]
[4 3 8]
[4 4 2]
[4 4 4]
[4 4 6]
[4 6 5]
[  4 246  11]
[  4 248  10]
[  4 249   8]
[  4 250   0]
[  4 250   3]
[  4 251  10]
[  4 252   5]
[  4 252   6]
[  4 252   8]
[  4 253   1]
[  4 253   3]
[  4 254   0]
[  4 254   6]
[  4 254   7]
[  4 255   0]
[  4 255   1]
[  4 255   2]
[  4 255   3]
[  4 255   4]
[  4 255   5]
[  4 255   6]
[  4 255   7]
[  4 255   8]
[5 0 0]
[5 0 3]
[5 0 4]
[5 0 5]
[5 0 6]
[5 0 7]
[5 1 0]
[5 1 2]
[5 3 6]
[5 4 9]
[ 5  4 10]
[5 5 3]
[5 5 5]
[5 6 1]
[  5 246   7]
[  5 248   6]
[  5 249   3]
[  5 249  11]
[  5 249  14]
[  5 250   5]
[  5 251   0]
[  5 251   2]
[  5 251   4]
[  5 253   6]
[  5 253   7]
[  5 253   9]
[  5 254   2]
[  5 254   4]
[  5 254  14]
[  5 255   0]
[  5 255   1]
[  5 255   2]
[  5 255   3]
[  5 255   4]
[  5 255   5]
[  5 255   8]
[  5 255  10]
[6 0 0]
[6 0 2]
[6 0 4]
[6 0 5]
[6 0 7]
[6 0 9]
[6 1 8]
[6 2 0]
[6 2 3]
[6 4 5]
[6 4 7]
[  6 247   8]
[  6 248   6]
[  6 249   7]
[  6 250   5]
[  6 250  12]
[  6 251   6]
[  6 251   8]
[  6 252   1]
[  6 252   3]
[  6 252   5]
[  6 254   7]
[  6 255   3]
[  6 255   4]
[  6 255   5]
[  6 255   8]
[7 0 0]
[7 0 4]
[7 0 5]
[7 2 6]
[7 3 0]
[  7 249   5]
[  7 250   8]
[  7 250  10]
[  7 251   5]
[  7 251   6]
[  7 252   7]
[  7 252   9]
[  7 253   4]
[  7 253   6]
[  7 255   4]
[  7 255   5]
[ 8  3 10]
[  8 248   3]
[  8 249  10]
[  8 250   8]
[  8 251   9]
[  8 252   7]
[  8 253   0]
[  8 253  12]
[  8 255   7]
[  8 255  10]
[9 0 3]
[9 0 5]
[ 9  0 10]
[  9 248   5]
[  9 249  16]
[  9 250  11]
[  9 251   9]
[  9 252  10]
[  9 253   8]
[  9 254  11]
[  9 255   8]
[10  1  6]
[ 10 240  10]
[ 10 246  13]
[ 10 247   9]
[ 10 247  11]
[ 10 249   6]
[ 10 250   3]
[ 10 251  12]
[ 10 252   7]
[ 10 252   8]
[ 10 253  11]
[ 10 253  15]
[ 10 254   8]
[ 10 255  10]
[ 11 240  15]
[ 11 242  16]
[ 11 244  13]
[ 11 245  10]
[ 11 248  12]
[ 11 250  11]
[ 11 255   7]
[ 11 255  11]
[ 12 241  16]
[ 12 241  18]
[ 12 243  13]
[ 12 243  17]
[ 12 245   6]
[ 12 245  13]
[ 12 245  16]
[ 12 250  16]
[ 12 251   8]
[ 12 255  11]
[ 13 242  15]
[ 13 242  19]
[ 13 244  14]
[ 13 244  16]
[ 13 245  22]
[ 13 246  15]
[ 13 246  17]
[ 13 247  12]
[ 13 250  24]
[ 14 237   9]
[ 14 242  21]
[ 14 244  13]
[ 14 244  21]
[ 14 244  22]
[ 14 244  24]
[ 14 245  15]
[ 14 245  17]
[ 14 245  19]
[ 14 246  12]
[ 14 247  15]
[ 15 241  17]
[ 15 241  19]
[ 15 242  15]
[ 15 243  22]
[ 15 243  24]
[ 15 244  17]
[ 15 244  19]
[ 15 244  21]
[ 15 245  14]
[ 15 245  15]
[ 15 246  16]
[ 15 246  18]
[ 15 246  20]
[ 15 247  11]
[ 15 247  23]
[ 15 248  19]
[ 15 251  18]
[ 16 238  13]
[ 16 238  15]
[ 16 241  17]
[ 16 242  20]
[ 16 243  14]
[ 16 243  16]
[ 16 245  20]
[ 16 245  22]
[ 16 247  17]
[ 16 248  14]
[ 16 249  18]
[ 17 239  16]
[ 17 242  14]
[ 17 242  26]
[ 17 243  19]
[ 17 243  21]
[ 17 243  22]
[ 17 244  15]
[ 17 244  17]
[ 17 246  19]
[ 17 248  18]
[ 18 239  22]
[ 18 242  21]
[ 18 242  22]
[ 18 242  24]
[ 18 243  15]
[ 18 243  17]
[ 18 243  19]
[ 18 244  22]
[ 18 245  16]
[ 18 246  27]
[ 19 238  20]
[ 19 240  15]
[ 19 240  23]
[ 19 241  16]
[ 19 241  18]
[ 19 241  20]
[ 19 242  11]
[ 19 242  14]
[ 19 243  22]
[ 19 243  23]
[ 19 244  20]
[ 19 244  28]
[ 19 245  15]
[ 19 245  21]
[ 19 249  19]
[ 20 235  20]
[ 20 239  25]
[ 20 240  20]
[ 20 241  22]
[ 20 241  24]
[ 20 242  17]
[ 20 242  19]
[ 20 242  21]
[ 20 243  15]
[ 20 244  24]
[ 20 245  21]
[ 20 247  18]
[ 21 233  24]
[ 21 238  23]
[ 21 238  25]
[ 21 238  27]
[ 21 239  18]
[ 21 240  22]
[ 21 240  24]
[ 21 241  19]
[ 21 241  21]
[ 21 242  17]
[ 21 242  23]
[ 21 242  25]
[ 21 243  18]
[ 21 243  20]
[ 21 243  22]
[ 22 239  24]
[ 22 239  28]
[ 22 240  19]
[ 22 240  21]
[ 22 240  22]
[ 22 241  25]
[ 22 241  27]
[ 22 242  22]
[ 22 243  24]
[ 22 247  21]
[ 22 249  22]
[ 23 238  21]
[ 23 239  18]
[ 23 240  25]
[ 23 240  27]
[ 23 241  23]
[ 23 242  16]
[ 23 242  26]
[ 23 245  24]
[ 23 250  23]
[ 24 233  27]
[ 24 236  27]
[ 24 238  26]
[ 24 238  28]
[ 24 239  24]
[ 24 241  26]
[ 24 241  30]
[ 24 242  23]
[ 24 242  24]
[ 24 246  21]
[ 25 235  26]
[ 25 236  35]
[ 25 237  28]
[ 25 241  33]
[ 25 242  29]
[ 25 243  32]
[ 26 235  30]
[ 26 239  25]
[ 26 244  25]
[ 27 229  31]
[ 27 235  29]
[ 27 235  35]
[ 27 235  37]
[ 27 239  17]
[ 28 231  27]
[ 28 233  30]
[ 28 234  27]
[ 28 234  38]
[ 28 236  30]
[ 28 237  31]
[ 28 241  27]
[ 29 234  31]
[ 29 234  33]
[ 29 235  30]
[ 29 236  34]
[ 29 239  28]
[ 30 233  30]
[ 30 235  34]
[ 30 235  36]
[ 30 236  31]
[ 31 234  31]
[ 32 228  30]
[ 32 228  42]
[ 32 229  36]
[ 32 230  33]
[ 32 231  42]
[ 32 231  44]
[ 32 232  35]
[ 32 233  31]
[ 33 228  36]
[ 33 233  36]
[ 33 235  39]
[ 34 225  33]
[ 34 225  34]
[ 34 227  38]
[ 34 228  36]
[ 34 229  37]
[ 34 230  32]
[ 34 231  37]
[ 34 231  38]
[ 34 232  35]
[ 35 226  34]
[ 35 227  43]
[ 35 228  39]
[ 35 230  42]
[ 35 231  37]
[ 35 233  36]
[ 36 222  35]
[ 36 226  38]
[ 36 228  33]
[ 36 228  44]
[ 36 230  35]
[ 36 230  37]
[ 36 230  38]
[ 36 231  33]
[ 36 232  34]
[ 36 232  36]
[ 36 232  38]
[ 37 225  42]
[ 37 226  36]
[ 37 230  43]
[ 37 231  38]
[ 37 232  34]
[ 38 227  37]
[ 38 228  42]
[ 38 228  44]
[ 38 229  37]
[ 38 230  33]
[ 38 230  35]
[ 38 231  42]
[ 38 231  44]
[ 38 232  37]
[ 38 234  40]
[ 38 236  35]
[ 39 220  43]
[ 39 225  38]
[ 39 227  42]
[ 39 228  40]
[ 39 228  46]
[ 39 229  35]
[ 39 230  39]
[ 39 233  40]
[ 40 223  43]
[ 40 225  43]
[ 40 225  46]
[ 40 227  50]
[ 40 228  46]
[ 40 229  38]
[ 40 230  42]
[ 40 232  37]
[ 41 222  45]
[ 41 224  44]
[ 41 225  41]
[ 41 227  38]
[ 41 227  42]
[ 41 229  44]
[ 41 232  41]
[ 41 233  38]
[ 42 223  46]
[ 42 224  41]
[ 42 225  36]
[ 42 225  47]
[ 42 226  40]
[ 42 227  46]
[ 42 228  43]
[ 42 231  40]
[ 42 232  46]
[ 43 227  41]
[ 44 221  42]
[ 44 223  44]
[ 44 226  45]
[ 44 226  46]
[ 44 227  39]
[ 45 219  42]
[ 45 221  50]
[ 45 224  47]
[ 45 227  46]
[ 46 218  46]
[ 46 219  41]
[ 46 219  49]
[ 46 220  47]
[ 46 221  54]
[ 46 223  47]
[ 46 224  40]
[ 46 225  46]
[ 47 218  51]
[ 47 218  52]
[ 47 219  47]
[ 47 226  49]
[ 48 220  48]
[ 48 221  44]
[ 48 221  51]
[ 48 222  45]
[ 48 222  47]
[ 48 224  51]
[ 48 225  47]
[ 48 225  49]
[ 49 218  53]
[ 49 219  52]
[ 49 220  54]
[ 49 221  49]
[ 49 221  51]
[ 49 222  54]
[ 50 214  57]
[ 50 216  54]
[ 50 217  51]
[ 50 219  56]
[ 50 219  58]
[ 50 220  51]
[ 50 220  53]
[ 50 222  52]
[ 50 224  49]
[ 51 209  52]
[ 51 218  53]
[ 51 221  50]
[ 51 223  51]
[ 52 213  57]
[ 52 214  50]
[ 52 216  57]
[ 52 217  53]
[ 52 217  63]
[ 52 218  56]
[ 52 218  58]
[ 52 219  53]
[ 52 219  54]
[ 52 223  49]
[ 53 213  53]
[ 53 215  52]
[ 53 216  49]
[ 53 217  58]
[ 53 217  60]
[ 53 218  53]
[ 53 218  54]
[ 53 218  56]
[ 53 220  54]
[ 53 220  55]
[ 53 221  50]
[ 54 211  62]
[ 54 212  53]
[ 54 212  55]
[ 54 213  59]
[ 54 215  59]
[ 54 220  58]
[ 54 222  51]
[ 55 213  54]
[ 55 213  56]
[ 55 214  49]
[ 55 215  55]
[ 55 216  58]
[ 55 216  60]
[ 55 217  53]
[ 55 217  54]
[ 55 217  56]
[ 55 218  51]
[ 55 219  60]
[ 55 224  61]
[ 56 206  59]
[ 56 210  54]
[ 56 211  57]
[ 56 215  52]
[ 56 215  60]
[ 56 215  61]
[ 56 216  54]
[ 56 216  56]
[ 56 216  58]
[ 56 217  53]
[ 56 217  59]
[ 56 217  61]
[ 56 219  52]
[ 57 205  59]
[ 57 211  61]
[ 57 211  65]
[ 57 214  61]
[ 57 215  56]
[ 57 215  58]
[ 57 215  60]
[ 57 216  51]
[ 57 216  53]
[ 57 217  49]
[ 57 217  57]
[ 57 217  59]
[ 57 220  53]
[ 58 208  61]
[ 58 211  58]
[ 58 211  59]
[ 58 212  56]
[ 58 212  62]
[ 58 213  57]
[ 58 214  53]
[ 58 215  62]
[ 58 216  57]
[ 58 216  61]
[ 58 218  50]
[ 58 219  55]
[ 58 223  61]
[ 59 208  64]
[ 59 209  62]
[ 59 211  64]
[ 59 212  59]
[ 59 212  60]
[ 59 213  53]
[ 59 214  58]
[ 59 214  60]
[ 59 215  54]
[ 59 220  62]
[ 59 221  60]
[ 60 208  62]
[ 60 211  58]
[ 60 213  61]
[ 60 213  63]
[ 60 214  56]
[ 60 214  58]
[ 60 215  62]
[ 61 207  64]
[ 61 211  60]
[ 61 217  58]
[ 62 209  59]
[ 62 210  64]
[ 62 211  67]
[ 62 212  61]
[ 62 212  63]
[ 62 217  55]
[ 63 211  65]
[ 63 213  64]
[ 64 200  66]
[ 65 208  66]
[ 65 212  62]
[ 65 212  69]
[ 66 209  67]
[ 66 214  66]
[ 66 214  68]
[ 67 203  71]
[ 67 206  65]
[ 68 206  69]
[ 69 207  70]
[ 69 212  70]
[ 70 203  76]
[ 70 207  77]
[ 71 201  75]
[ 72 203  73]
[ 73 199  73]
[ 73 199  76]
[ 73 201  78]
[ 73 202  75]
[ 73 202  76]
[ 73 207  72]
[ 73 211  74]
[ 74 199  73]
[ 74 200  74]
[ 74 204  72]
[ 75 196  80]
[ 75 198  74]
[ 75 200  74]
[ 75 201  76]
[ 75 205  71]
[ 76 195  79]
[ 76 200  76]
[ 76 202  76]
[ 76 202  79]
[ 76 205  78]
[ 77 201  77]
[ 78 199  83]
[ 78 202  78]
[ 78 202  80]
[ 78 203  77]
[ 79 204  78]
[ 81 200  82]
[ 94 192  91]
