[0 0 2]
[0 0 4]
[0 0 5]
[0 0 7]
[0 0 8]
[0 0 9]
[0 1 0]
[0 1 2]
[0 1 3]
[0 1 4]
[0 1 5]
[0 1 6]
[0 1 7]
[0 1 8]
[0 2 0]
[0 2 1]
[0 2 2]
[0 2 3]
[0 2 4]
[0 2 5]
[0 2 6]
[0 2 8]
[0 2 9]
[0 3 0]
[0 3 1]
[0 3 2]
[0 3 3]
[0 3 4]
[0 3 5]
[0 3 6]
[0 3 7]
[0 3 9]
[0 4 0]
[0 4 1]
[0 4 2]
[0 4 3]
[0 4 4]
[0 4 5]
[0 4 7]
[0 4 8]
[0 5 0]
[0 5 1]
[0 5 2]
[0 5 3]
[0 5 4]
[0 5 5]
[0 5 8]
[0 6 0]
[0 6 1]
[0 6 2]
[0 6 3]
[0 6 4]
[0 6 5]
[0 7 0]
[0 7 3]
[1 0 0]
[1 0 2]
[1 0 4]
[1 0 5]
[1 0 6]
[1 0 7]
[1 0 8]
[1 0 9]
[1 1 0]
[1 1 1]
[1 1 3]
[1 2 0]
[1 2 4]
[1 2 6]
[1 2 7]
[1 3 0]
[1 3 2]
[1 4 0]
[1 5 4]
[1 5 8]
[1 6 9]
[2 0 1]
[2 0 3]
[2 0 5]
[2 0 6]
[2 0 8]
[ 2  0 10]
[2 1 0]
[2 1 6]
[2 1 7]
[2 1 9]
[2 2 0]
[2 2 2]
[2 2 4]
[2 3 0]
[2 3 5]
[2 3 7]
[2 4 0]
[2 4 1]
[2 4 3]
[2 5 0]
[2 6 5]
[2 6 7]
[2 7 3]
[3 0 0]
[3 0 2]
[3 0 4]
[3 0 5]
[3 0 7]
[3 0 9]
[3 1 2]
[3 1 4]
[3 1 6]
[3 2 0]
[3 2 7]
[3 2 8]
[ 3  2 10]
[3 3 0]
[3 3 1]
[3 3 3]
[3 3 5]
[ 3  3 11]
[3 4 0]
[3 4 6]
[3 4 8]
[3 5 0]
[3 5 2]
[3 5 4]
[4 0 0]
[4 0 1]
[4 0 2]
[4 0 3]
[4 0 4]
[4 0 5]
[4 0 6]
[4 0 8]
[4 1 0]
[4 1 8]
[4 2 3]
[4 2 5]
[4 2 7]
[4 3 0]
[4 3 1]
[4 3 8]
[4 4 2]
[4 4 4]
[4 4 6]
[4 5 0]
[4 5 7]
[4 5 9]
[4 6 1]
[4 6 5]
[5 0 0]
[5 0 1]
[5 0 3]
[5 0 4]
[5 0 5]
[5 0 6]
[5 0 7]
[5 1 0]
[5 1 2]
[5 2 0]
[5 3 4]
[5 3 6]
[5 4 0]
[5 4 2]
[5 5 3]
[5 5 5]
[5 5 7]
[5 6 0]
[6 0 0]
[6 0 2]
[6 0 4]
[6 0 5]
[6 1 0]
[6 1 5]
[6 1 7]
[6 2 0]
[6 2 1]
[6 2 3]
[6 3 0]
[6 4 5]
[6 4 7]
[6 4 9]
[6 6 8]
[6 8 7]
[7 0 0]
[7 0 1]
[7 0 2]
[7 0 4]
[7 1 1]
[7 1 3]
[7 1 5]
[7 2 0]
[7 2 6]
[7 2 8]
[7 3 0]
[7 3 2]
[7 3 4]
[7 4 0]
[7 5 6]
[7 9 8]
[8 0 0]
[8 0 1]
[8 0 2]
[8 0 3]
[8 0 4]
[8 0 5]
[8 1 0]
[8 2 2]
[8 2 4]
[8 3 7]
[ 8  3 10]
[9 0 0]
[9 0 1]
[9 0 2]
[9 0 3]
[9 0 4]
[9 0 5]
[9 1 0]
[9 2 0]
[9 3 5]
[9 3 7]
[10  0  0]
[10  0  2]
[10  1  0]
[10  1  2]
[10  1  6]
[11  0  0]
[11  0  1]
[11  0  2]
[11  0  3]
[11  0  4]
[12  0  0]
[12  0  2]
[12  1  5]
[13  0  0]
[13  0  1]
[13  0  4]
[13  1  1]
[13  1  5]
[13  2  6]
[14  0  0]
[14  0  1]
[15  0  0]
[15  0  2]
[15  1  0]
[16  0  0]
[17  0  0]
[17  0  2]
[18  0  0]
[18  0  1]
[19  0  0]
[20  0  0]
[21  0  0]
[21  0  3]
[22  0  0]
[23  0  0]
[24  0  0]
[25  0  0]
[26  0  0]
[27  0  0]
[28  0  0]
[29  0  0]
[30  0  0]
[31  0  0]
[32  0  0]
[33  0  0]
[34  0  0]
[35  0  0]
[36  0  0]
[37  0  0]
[38  0  0]
[39  0  0]
[40  0  0]
[41  0  0]
[42  0  0]
[43  0  0]
[44  0  0]
[45  0  0]
[46  0  0]
[47  0  0]
[48  0  0]
[49  0  0]
[50  0  0]
[51  0  0]
[52  0  0]
[53  0  0]
[54  0  0]
[55  0  0]
[56  0  0]
[57  0  0]
[58  0  0]
[59  0  0]
[60  0  0]
[61  0  0]
[62  0  0]
[63  0  0]
[64  0  0]
[65  0  0]
[66  0  0]
[67  0  0]
[68  0  0]
[69  0  0]
[70  0  0]
[71  0  0]
[72  0  0]
[73  0  0]
[74  0  0]
[75  0  0]
[76  0  0]
[77  0  0]
[78  0  0]
[79  0  0]
[80  0  0]
[81  0  0]
[82  0  0]
[83  0  0]
[84  0  0]
[85  0  0]
[86  0  0]
[87  0  0]
[88  0  0]
[89  0  0]
[90  0  0]
[91  0  0]
[92  0  0]
[93  0  0]
[94  0  0]
[95  0  0]
[96  0  0]
[97  0  0]
[98  0  0]
[100   0   0]
[101   0   0]
[104   0   0]
[105   0   0]
[118   0   0]
[120   0   0]
[132  50  52]
[141  47  45]
[143  45  42]
[144  46  47]
[144  47  41]
[146  43  44]
[147  49  50]
[148  48  46]
[153  43  44]
[154  39  42]
[154  45  40]
[154  45  50]
[155  39  39]
[155  43  42]
[156  41  46]
[156  41  48]
[156  43  45]
[157  32  36]
[157  37  39]
[157  38  40]
[157  38  42]
[157  39  37]
[157  40  46]
[157  41  42]
[158  38  39]
[158  39  41]
[158  40  40]
[158  42  45]
[158  46  44]
[159  34  30]
[159  36  38]
[159  36  39]
[159  39  38]
[159  39  41]
[159  41  39]
[159  41  41]
[160  36  38]
[160  37  40]
[160  39  31]
[160  39  44]
[160  40  41]
[160  40  42]
[160  41  37]
[161  32  37]
[161  35  39]
[161  38  40]
[161  39  38]
[161  40  45]
[161  41  40]
[162  36  37]
[162  44  32]
[162  44  42]
[163  37  38]
[163  37  40]
[163  38  36]
[163  38  42]
[163  39  41]
[163  43  42]
[163  44  40]
[164  35  39]
[164  36  33]
[164  38  42]
[164  40  38]
[164  40  40]
[164  41  44]
[164  41  46]
[164  42  41]
[165  35  35]
[165  35  37]
[165  37  36]
[165  40  46]
[165  40  48]
[165  41  43]
[165  41  49]
[165  43  40]
[165  43  42]
[166  33  34]
[166  36  38]
[166  36  44]
[166  38  39]
[166  40  41]
[166  40  43]
[166  40  44]
[166  41  45]
[167  34  35]
[167  34  39]
[167  35  33]
[167  36  42]
[167  37  35]
[167  37  37]
[167  37  39]
[167  38  33]
[167  38  43]
[167  39  38]
[167  44  46]
[168  32  42]
[168  33  39]
[168  34  41]
[168  35  30]
[168  36  34]
[168  38  36]
[168  38  38]
[168  40  41]
[168  43  39]
[169  24  27]
[169  34  28]
[169  34  30]
[169  34  38]
[169  34  40]
[169  35  26]
[169  35  34]
[169  36  29]
[169  36  41]
[169  38  44]
[169  39  37]
[169  39  39]
[169  43  46]
[170  31  36]
[170  34  34]
[170  35  39]
[170  36  33]
[170  36  35]
[170  36  37]
[170  37  42]
[170  39  44]
[170  40  40]
[171  28  22]
[171  30  36]
[171  32  35]
[171  32  37]
[171  35  35]
[171  37  34]
[171  37  46]
[171  38  41]
[171  38  43]
[171  39  35]
[172  30  28]
[172  32  31]
[172  33  36]
[172  34  32]
[172  34  34]
[172  36  36]
[172  36  38]
[172  37  33]
[172  38  35]
[172  38  37]
[172  39  40]
[173  31  29]
[173  33  36]
[173  34  41]
[173  35  33]
[173  35  35]
[174  27  33]
[174  28  29]
[174  31  33]
[174  32  30]
[174  34  35]
[174  34  37]
[174  36  33]
[175  29  29]
[175  30  37]
[175  31  30]
[175  31  31]
[175  32  26]
[175  32  34]
[175  33  31]
[175  34  27]
[175  36  33]
[175  36  39]
[175  36  41]
[175  37  35]
[175  39  41]
[176  31  28]
[176  31  34]
[176  32  31]
[176  32  32]
[176  32  41]
[176  33  29]
[176  33  39]
[176  34  30]
[176  34  33]
[176  36  39]
[176  38  35]
[177  27  28]
[177  31  31]
[177  31  32]
[177  31  34]
[177  32  27]
[177  32  29]
[177  32  35]
[177  33  32]
[177  34  28]
[177  35  25]
[177  35  33]
[177  37  40]
[178  25  28]
[178  29  23]
[178  29  31]
[178  30  30]
[178  31  39]
[178  32  32]
[178  32  33]
[178  33  30]
[178  34  33]
[178  35  31]
[178  36  34]
[178  36  35]
[179  25  23]
[179  29  30]
[179  29  31]
[179  30  26]
[179  30  32]
[179  31  31]
[179  33  33]
[179  33  34]
[179  33  43]
[179  34  29]
[179  34  31]
[179  34  37]
[179  34  39]
[179  34  41]
[179  35  35]
[179  36  28]
[179  36  32]
[179  37  27]
[179  37  35]
[180  25  21]
[180  26  26]
[180  28  23]
[180  29  34]
[180  29  36]
[180  30  29]
[180  30  31]
[180  30  32]
[180  31  24]
[180  31  37]
[180  32  28]
[180  32  30]
[180  32  32]
[180  34  34]
[180  34  35]
[180  35  32]
[180  36  28]
[180  37  31]
[180  39  32]
[181  26  30]
[181  27  25]
[181  27  27]
[181  27  29]
[181  28  23]
[181  29  28]
[181  31  32]
[181  32  28]
[181  32  34]
[181  33  33]
[181  36  39]
[182  22  22]
[182  23  20]
[182  26  30]
[182  27  31]
[182  27  33]
[182  27  35]
[182  28  26]
[182  28  28]
[182  29  32]
[182  30  25]
[182  30  27]
[182  31  22]
[182  32  33]
[182  33  35]
[182  33  37]
[182  34  32]
[182  34  34]
[182  35  27]
[183  22  27]
[183  23  25]
[183  25  24]
[183  26  21]
[183  26  33]
[183  26  35]
[183  27  28]
[183  27  30]
[183  27  31]
[183  28  26]
[183  28  32]
[183  29  29]
[183  30  25]
[183  30  32]
[183  31  26]
[183  31  30]
[183  33  32]
[183  33  34]
[184  24  24]
[184  26  40]
[184  28  29]
[184  28  31]
[184  29  25]
[184  29  27]
[184  29  33]
[184  29  35]
[184  30  28]
[184  30  30]
[184  30  32]
[184  31  25]
[184  31  26]
[184  31  33]
[184  31  34]
[184  31  36]
[184  32  27]
[184  35  29]
[185  24  29]
[185  25  25]
[185  26  23]
[185  26  30]
[185  27  16]
[185  27  24]
[185  27  28]
[185  28  21]
[185  28  23]
[185  28  35]
[185  29  30]
[185  29  32]
[185  29  33]
[185  30  25]
[185  30  26]
[185  30  28]
[185  30  34]
[185  31  23]
[185  31  29]
[185  31  31]
[185  31  33]
[185  32  27]
[185  32  34]
[185  33  28]
[185  33  30]
[185  34  23]
[186  23  24]
[186  24  19]
[186  24  21]
[186  24  22]
[186  25  30]
[186  25  31]
[186  25  33]
[186  26  26]
[186  26  28]
[186  26  34]
[186  26  36]
[186  27  31]
[186  28  25]
[186  28  27]
[186  28  29]
[186  29  24]
[186  29  36]
[186  30  31]
[186  30  33]
[186  31  26]
[186  31  29]
[186  31  37]
[186  32  30]
[186  33  28]
[186  33  38]
[186  34  29]
[186  34  31]
[187  24  29]
[187  26  34]
[187  27  27]
[187  27  29]
[187  27  35]
[187  28  24]
[187  28  32]
[187  28  33]
[187  29  26]
[187  29  28]
[187  29  30]
[187  30  23]
[187  30  25]
[187  30  37]
[187  31  34]
[187  32  27]
[187  32  36]
[187  33  25]
[187  33  33]
[188  24  31]
[188  25  28]
[188  26  23]
[188  27  32]
[188  27  33]
[188  28  28]
[188  28  30]
[188  28  36]
[188  29  23]
[188  29  25]
[188  29  26]
[188  29  33]
[188  30  27]
[188  30  31]
[188  31  24]
[188  31  26]
[188  32  33]
[188  32  35]
[188  32  36]
[188  33  29]
[188  33  31]
[188  34  26]
[188  34  32]
[188  34  34]
[189  23  23]
[189  23  27]
[189  24  20]
[189  24  22]
[189  25  26]
[189  25  34]
[189  26  19]
[189  26  27]
[189  26  29]
[189  26  31]
[189  27  24]
[189  27  25]
[189  28  33]
[189  28  34]
[189  29  29]
[189  29  31]
[189  30  24]
[189  30  27]
[189  30  34]
[189  31  30]
[189  31  32]
[189  32  23]
[189  32  27]
[189  33  34]
[190  22  21]
[190  24  26]
[190  24  28]
[190  25  21]
[190  25  23]
[190  25  29]
[190  26  24]
[190  26  25]
[190  26  27]
[190  26  33]
[190  27  28]
[190  27  30]
[190  27  32]
[190  28  25]
[190  28  26]
[190  30  30]
[190  30  32]
[190  30  38]
[190  31  28]
[190  32  29]
[190  32  31]
[190  32  33]
[190  33  28]
[190  34  35]
[191  21  21]
[191  21  22]
[191  22  25]
[191  23  23]
[191  23  36]
[191  24  31]
[191  25  27]
[191  26  20]
[191  26  22]
[191  26  24]
[191  26  30]
[191  27  25]
[191  27  26]
[191  27  28]
[191  27  36]
[191  28  23]
[191  28  29]
[191  28  31]
[191  28  33]
[191  29  27]
[191  30  22]
[191  31  31]
[191  31  33]
[191  32  36]
[191  33  34]
[192  20  18]
[192  22  22]
[192  23  20]
[192  23  28]
[192  24  23]
[192  24  24]
[192  25  19]
[192  25  32]
[192  26  26]
[192  26  28]
[192  26  30]
[192  27  23]
[192  27  25]
[192  28  26]
[192  28  27]
[192  28  29]
[192  29  30]
[192  29  32]
[192  29  34]
[192  30  25]
[192  32  32]
[192  32  34]
[192  34  35]
[193  15  15]
[193  17  17]
[193  23  23]
[193  24  21]
[193  24  27]
[193  24  29]
[193  24  31]
[193  25  22]
[193  25  24]
[193  25  25]
[193  27  27]
[193  27  29]
[193  27  31]
[193  28  24]
[193  28  26]
[193  28  32]
[193  29  28]
[193  30  31]
[193  31  28]
[193  34  38]
[194  21  17]
[194  22  20]
[194  24  25]
[194  24  27]
[194  25  18]
[194  25  22]
[194  25  30]
[194  26  23]
[194  26  26]
[194  27  18]
[194  27  21]
[194  27  34]
[194  28  28]
[194  28  30]
[194  29  33]
[194  30  31]
[194  30  39]
[194  31  32]
[194  31  34]
[194  35  32]
[195  16  19]
[195  19  22]
[195  20  17]
[195  21  20]
[195  21  22]
[195  22  24]
[195  23  21]
[195  23  23]
[195  25  25]
[195  25  26]
[195  25  28]
[195  26  21]
[195  26  29]
[195  26  31]
[195  27  24]
[195  27  26]
[195  27  27]
[195  28  20]
[195  30  28]
[195  31  30]
[196  17  12]
[196  20  20]
[196  20  22]
[196  22  24]
[196  22  31]
[196  23  17]
[196  23  25]
[196  23  29]
[196  24  22]
[196  25  31]
[196  25  33]
[196  26  26]
[196  26  27]
[196  27  20]
[196  27  22]
[196  27  30]
[196  28  27]
[196  31  29]
[197  19  15]
[197  19  17]
[197  19  19]
[197  21  21]
[197  21  23]
[197  22  17]
[197  22  19]
[197  22  27]
[197  23  25]
[197  24  17]
[197  24  18]
[197  24  26]
[197  25  23]
[197  25  25]
[197  26  19]
[197  27  27]
[197  27  28]
[197  28  25]
[197  28  31]
[197  29  29]
[197  31  33]
[197  32  36]
[197  33  32]
[198  16  12]
[198  18  17]
[198  18  19]
[198  19  22]
[198  19  23]
[198  20  20]
[198  21  13]
[198  21  29]
[198  22  22]
[198  22  24]
[198  22  25]
[198  22  33]
[198  23  30]
[198  24  25]
[198  24  26]
[198  25  27]
[198  25  29]
[198  26  22]
[198  26  26]
[198  29  32]
[198  30  30]
[199  15  17]
[199  19  18]
[199  19  20]
[199  19  22]
[199  20  15]
[199  20  23]
[199  21  17]
[199  23  23]
[199  23  25]
[199  23  26]
[199  24  29]
[199  25  24]
[199  25  27]
[199  26  22]
[199  26  28]
[199  27  25]
[199  27  27]
[200  18  14]
[200  19  24]
[200  20  21]
[200  21  14]
[200  21  24]
[200  21  25]
[200  22  18]
[200  22  20]
[200  22  22]
[200  23  15]
[200  23  17]
[200  24  24]
[200  24  26]
[200  24  27]
[200  25  20]
[200  25  22]
[200  26  25]
[200  26  27]
[200  27  31]
[200  28  26]
[200  30  31]
[200  31  28]
[201  13  14]
[201  17  15]
[201  18  20]
[201  18  22]
[201  19  15]
[201  20  25]
[201  21  20]
[201  21  22]
[201  21  24]
[201  22  15]
[201  22  17]
[201  22  25]
[201  22  26]
[201  23  19]
[201  23  21]
[201  23  23]
[201  25  28]
[202  12  14]
[202  13   9]
[202  16  19]
[202  17  22]
[202  19  24]
[202  20  19]
[202  21  28]
[202  22  21]
[202  22  23]
[202  22  25]
[202  23  18]
[202  23  19]
[202  23  26]
[202  23  29]
[202  24  22]
[202  24  24]
[202  26  28]
[202  28  30]
[203  18  15]
[203  18  23]
[203  19  19]
[203  19  27]
[203  20  22]
[203  20  24]
[203  21  18]
[203  21  20]
[203  23  22]
[203  23  24]
[203  23  26]
[203  23  32]
[203  24  20]
[203  24  28]
[203  25  23]
[204  13  20]
[204  14  16]
[204  18  21]
[204  18  23]
[204  19  16]
[204  20  18]
[204  20  20]
[204  20  22]
[204  21  23]
[204  21  26]
[204  22  19]
[204  22  21]
[204  23  14]
[204  23  16]
[204  23  28]
[204  24  25]
[204  24  27]
[204  24  33]
[204  25  28]
[204  25  29]
[204  26  26]
[205  16  20]
[205  17  16]
[205  18  13]
[205  18  25]
[205  19  20]
[205  20  17]
[205  21  19]
[205  21  21]
[205  22  18]
[205  23  19]
[205  24  29]
[205  25  28]
[205  26  19]
[205  26  21]
[205  27  23]
[206  14  13]
[206  16  18]
[206  17  13]
[206  17  15]
[206  17  23]
[206  19  12]
[206  20  21]
[206  20  23]
[206  21  16]
[206  21  18]
[206  21  19]
[206  21  26]
[206  22  14]
[206  22  20]
[206  22  22]
[206  22  24]
[206  23  25]
[206  23  28]
[206  24  21]
[206  24  23]
[206  26  29]
[207  13  11]
[207  14  17]
[207  14  19]
[207  16  21]
[207  17  17]
[207  18  14]
[207  18  16]
[207  18  22]
[207  18  24]
[207  19  17]
[207  19  18]
[207  19  20]
[207  20  27]
[207  21  22]
[207  21  24]
[207  21  26]
[207  22  17]
[207  22  19]
[207  23  21]
[207  24  16]
[207  27  30]
[208  15  10]
[208  16  13]
[208  16  15]
[208  17  22]
[208  17  24]
[208  18  18]
[208  19  13]
[208  19  15]
[208  19  23]
[208  20  18]
[208  20  19]
[208  20  21]
[208  21  14]
[208  21  16]
[208  22  23]
[208  23  20]
[208  24  22]
[208  24  24]
[208  24  26]
[209  14  18]
[209  14  20]
[209  16  11]
[209  16  19]
[209  16  21]
[209  17  14]
[209  18  23]
[209  18  25]
[209  19  19]
[209  19  21]
[209  20  14]
[209  20  16]
[209  20  18]
[209  20  24]
[209  21  12]
[209  21  19]
[209  21  20]
[209  21  22]
[209  22  15]
[209  22  17]
[210  12  13]
[210  17  18]
[210  17  20]
[210  18  17]
[210  18  29]
[210  19  24]
[210  19  26]
[210  20  20]
[210  20  22]
[210  21  17]
[210  21  19]
[210  21  27]
[210  22  20]
[210  22  23]
[210  23  16]
[210  25  22]
[210  25  23]
[210  25  30]
[210  26  24]
[211  12  17]
[211  15  17]
[211  16  14]
[211  16  24]
[211  17  15]
[211  17  17]
[211  17  18]
[211  18  11]
[211  18  13]
[211  18  19]
[211  18  21]
[211  19  16]
[211  19  18]
[211  20  12]
[211  21  21]
[211  22  16]
[211  22  18]
[211  22  20]
[211  23  14]
[211  23  21]
[211  25  26]
[212  12  12]
[212  13  10]
[212  14  11]
[212  15   9]
[212  15  22]
[212  16  18]
[212  16  20]
[212  17  21]
[212  17  25]
[212  18  16]
[212  18  18]
[212  18  19]
[212  19  10]
[212  19  20]
[212  20  17]
[212  20  19]
[212  21  29]
[212  22  22]
[212  22  24]
[212  23  17]
[212  23  19]
[212  23  21]
[212  24  25]
[212  25  20]
[213  10  16]
[213  11   9]
[213  13  13]
[213  14   7]
[213  14  11]
[213  17  21]
[213  18  14]
[213  18  22]
[213  19  17]
[213  19  19]
[213  19  20]
[213  20  15]
[213  20  21]
[213  20  23]
[213  21  16]
[213  21  18]
[213  21  20]
[213  23  23]
[213  24  22]
[213  25  24]
[214  11  15]
[214  12  12]
[214  14  14]
[214  14  16]
[214  15  10]
[214  15  18]
[214  16  13]
[214  16  15]
[214  17  11]
[214  17  24]
[214  19  15]
[214  19  17]
[214  20  21]
[214  22  21]
[214  24  24]
[215  12  16]
[215  13   9]
[215  13  11]
[215  13  13]
[215  14  24]
[215  15  17]
[215  16   9]
[215  16  11]
[215  16  13]
[215  16  19]
[215  17  14]
[215  17  16]
[215  17  18]
[215  19  20]
[215  19  21]
[215  20  18]
[215  20  28]
[215  21  19]
[215  22  15]
[215  23  20]
[215  27  26]
[215  28  23]
[216  12  11]
[216  13  16]
[216  14  12]
[216  14  14]
[216  15   7]
[216  15   8]
[216  16  16]
[216  16  18]
[216  16  19]
[216  17  10]
[216  17  12]
[216  17  14]
[216  17  22]
[216  18  15]
[216  18  17]
[216  18  19]
[216  20  24]
[216  22  22]
[216  23  18]
[217  12  17]
[217  13  12]
[217  14  18]
[217  15  11]
[217  15  13]
[217  15  15]
[217  16   9]
[217  17  17]
[217  17  19]
[217  17  27]
[217  18  11]
[217  18  13]
[217  18  21]
[217  18  23]
[217  18  25]
[217  19  16]
[217  19  18]
[217  19  20]
[217  20  12]
[217  21  25]
[217  22  20]
[218  14  13]
[218  14  15]
[218  15  18]
[218  15  19]
[218  16  12]
[218  16  14]
[218  16  16]
[218  17  10]
[218  17  23]
[218  18  18]
[218  18  28]
[218  19  14]
[218  19  16]
[219  11   7]
[219  13  15]
[219  15   8]
[219  15  14]
[219  15  16]
[219  15  18]
[219  16  10]
[219  16  12]
[219  16  19]
[219  16  20]
[219  17  13]
[219  17  15]
[219  17  17]
[219  18  28]
[219  21  20]
[220   9  15]
[220  10   9]
[220  11   6]
[220  14  14]
[220  14  18]
[220  16  15]
[220  16  19]
[220  17  13]
[220  17  20]
[220  17  21]
[220  18  14]
[220  18  16]
[220  18  18]
[220  21  18]
[221   9   6]
[221  11  12]
[221  12   8]
[221  13   9]
[221  13  11]
[221  15  17]
[221  16  13]
[221  16  21]
[221  18  12]
[221  19  15]
[221  19  17]
[221  19  19]
[221  20  12]
[221  21  21]
[222   6   7]
[222   6   9]
[222   9  15]
[222  10   9]
[222  11  18]
[222  11  20]
[222  12  11]
[222  12  13]
[222  13   8]
[222  13  16]
[222  13  18]
[222  13  19]
[222  16  18]
[222  18  19]
[223   5   4]
[223   7   8]
[223   8   5]
[223   8   6]
[223   9   7]
[223  10   6]
[223  10  12]
[223  10  16]
[223  11   8]
[223  11  10]
[223  12  18]
[223  13  12]
[223  13  14]
[223  14   9]
[223  14  10]
[223  14  17]
[223  14  19]
[223  15  11]
[223  15  13]
[223  15  15]
[223  18  15]
[224   8   9]
[224   8  11]
[224   9   7]
[224  10   8]
[224  10  10]
[224  11  13]
[224  11  15]
[224  12   9]
[224  12  11]
[224  13  20]
[224  14  13]
[224  14  15]
[224  14  17]
[224  16  14]
[224  19  14]
[224  21  27]
[225   1   1]
[225   7   5]
[225   7   6]
[225   7   8]
[225   9  10]
[225   9  12]
[225   9  14]
[225  10   8]
[225  10  15]
[225  11   3]
[225  11   9]
[225  11  11]
[225  11  13]
[225  12   6]
[225  12   8]
[225  12  14]
[225  12  16]
[225  13  10]
[225  13  12]
[225  14   7]
[225  14  20]
[225  16  12]
[226   5  10]
[226   5  12]
[226   7   3]
[226   7   5]
[226   8   7]
[226   8   9]
[226   9   4]
[226   9  17]
[226  10  11]
[226  10  13]
[226  11   6]
[226  11   8]
[226  11   9]
[226  11  16]
[226  12   4]
[226  12  10]
[226  12  12]
[226  12  14]
[226  13   5]
[226  13   7]
[226  13   9]
[226  13  15]
[226  13  17]
[226  14  10]
[226  14  11]
[226  15   8]
[226  16  19]
[226  17  12]
[227   1   3]
[227   4   0]
[227   5   2]
[227   6  11]
[227   7   7]
[227   7   9]
[227   8   4]
[227   8   6]
[227   8  14]
[227   8  16]
[227   9   7]
[227   9   8]
[227   9  10]
[227  10   1]
[227  10   3]
[227  10   5]
[227  11  12]
[227  11  14]
[227  11  16]
[227  12   7]
[227  12   9]
[227  12  10]
[227  12  17]
[227  12  19]
[227  13   5]
[227  13  11]
[227  13  13]
[227  13  15]
[227  14   6]
[227  14  10]
[227  15  12]
[227  15  14]
[228   5   0]
[228   5   8]
[228   5  10]
[228   6   3]
[228   6   5]
[228   8   8]
[228   8  10]
[228   9   7]
[228   9  13]
[228   9  17]
[228  10   8]
[228  10   9]
[228  10  11]
[228  11   2]
[228  11   4]
[228  11  19]
[228  12  13]
[228  12  15]
[228  12  17]
[228  13   8]
[228  13  10]
[228  13  11]
[228  13  18]
[228  13  20]
[228  14  12]
[228  14  14]
[228  14  16]
[228  15   9]
[228  15  11]
[229   3   5]
[229   6   0]
[229   6   9]
[229   7   4]
[229   8  15]
[229   9   9]
[229   9  11]
[229   9  21]
[229  10   4]
[229  10   6]
[229  10   8]
[229  10  14]
[229  10  16]
[229  10  18]
[229  11   2]
[229  11   9]
[229  11  10]
[229  11  12]
[229  12   3]
[229  12   5]
[229  12   7]
[229  13  14]
[229  13  16]
[229  14  11]
[229  14  12]
[229  14  19]
[229  15  13]
[229  15  15]
[229  16  10]
[229  16  12]
[229  17  13]
[230   1   4]
[230   5   1]
[230   6   6]
[230   7   8]
[230   8   3]
[230   8   5]
[230   8   7]
[230   9   1]
[230   9  14]
[230  10  10]
[230  10  12]
[230  10  20]
[230  11   5]
[230  11   7]
[230  11   9]
[230  11  15]
[230  11  19]
[230  12   3]
[230  12  10]
[230  12  11]
[230  12  13]
[230  13   6]
[230  13   8]
[230  15  13]
[230  16   8]
[230  16  16]
[230  17  21]
[231   5   6]
[231   6   4]
[231   6  10]
[231   7   5]
[231   7   7]
[231   7   8]
[231   8   1]
[231   8   9]
[231   9   4]
[231   9   6]
[231   9   8]
[231   9  20]
[231  10   2]
[231  10  15]
[231  10  19]
[231  11  11]
[231  11  13]
[231  12   6]
[231  12   8]
[231  12  10]
[231  12  16]
[231  13   4]
[231  13  11]
[231  13  12]
[231  13  14]
[231  14   5]
[231  14   9]
[231  15  18]
[231  16  11]
[231  16  14]
[232   3   6]
[232   4   5]
[232   6  10]
[232   7   1]
[232   7   3]
[232   7   5]
[232   7  11]
[232   8   6]
[232   8   8]
[232   8   9]
[232   9   4]
[232   9  10]
[232   9  12]
[232  10   5]
[232  10   7]
[232  10   9]
[232  12  12]
[232  12  14]
[232  13   7]
[232  13   9]
[232  13  11]
[232  14  12]
[232  14  13]
[232  14  15]
[232  15   8]
[232  16  17]
[233   3   3]
[233   4   1]
[233   4   7]
[233   5   4]
[233   5   6]
[233   6  13]
[233   7   8]
[233   7   9]
[233   8   2]
[233   8   4]
[233   8   6]
[233   8  12]
[233   8  14]
[233   9   7]
[233   9   9]
[233   9  10]
[233   9  17]
[233  10   5]
[233  10  11]
[233  10  13]
[233  10  15]
[233  11   6]
[233  11  10]
[233  12   4]
[233  13  13]
[233  13  15]
[233  14  10]
[233  14  12]
[233  15  14]
[234   4   4]
[234   5   8]
[234   5  10]
[234   6   3]
[234   6   5]
[234   6   7]
[234   8   9]
[234   8  10]
[234   9   3]
[234   9   5]
[234   9   7]
[234   9  13]
[234   9  17]
[234  10   8]
[234  10  10]
[234  10  11]
[234  10  18]
[234  11   4]
[234  11  12]
[234  11  14]
[234  12   7]
[234  12   9]
[234  12  11]
[234  14  14]
[234  14  16]
[235   3   1]
[235   4  14]
[235   5   5]
[235   5   7]
[235   5   8]
[235   6   0]
[235   6   1]
[235   6   3]
[235   6   9]
[235   6  11]
[235   7   4]
[235   7   6]
[235   7   8]
[235   8   2]
[235   9  10]
[235   9  11]
[235  10   8]
[235  11   9]
[235  11  11]
[235  11  12]
[235  12   4]
[235  12   5]
[235  12  15]
[235  13  10]
[235  13  12]
[235  17  18]
[236   3   6]
[236   4   2]
[236   4   4]
[236   5   0]
[236   5  11]
[236   6   6]
[236   6   8]
[236   6   9]
[236   7   4]
[236   7  10]
[236   7  12]
[236   8   5]
[236   8   7]
[236   8   9]
[236   9   2]
[236   9   3]
[236  10  11]
[236  10  12]
[236  10  14]
[236  11   5]
[236  11   9]
[236  11  17]
[236  12   4]
[236  12  10]
[236  13   8]
[236  13  14]
[236  13  16]
[236  14  11]
[237   2   0]
[237   4   0]
[237   4   7]
[237   4   8]
[237   5   3]
[237   5   5]
[237   7   7]
[237   7   9]
[237   7  10]
[237   8   2]
[237   8   3]
[237   8   5]
[237   8  11]
[237   8  15]
[237   9   6]
[237   9   8]
[237   9  10]
[237  10   4]
[237  10  17]
[237  11  12]
[237  11  13]
[237  13  13]
[237  15  14]
[238   1   0]
[238   3   0]
[238   4   3]
[238   5   8]
[238   5   9]
[238   6   4]
[238   7   1]
[238   7  13]
[238   7  15]
[238   8   8]
[238   8  10]
[238   8  11]
[238   9   3]
[238   9   4]
[238   9   6]
[238   9  12]
[238  10   1]
[238  10   7]
[238  10   9]
[238  11   2]
[238  13   9]
[239   0   0]
[239   2  12]
[239   3   3]
[239   3   7]
[239   4   0]
[239   4   1]
[239   4   9]
[239   5   4]
[239   5   6]
[239   5   8]
[239   6   2]
[239   6   9]
[239   7   3]
[239   7   5]
[239   7   7]
[239   8  14]
[239   9   9]
[239   9  11]
[239   9  12]
[239  10   5]
[239  10   7]
[239  11  10]
[239  14  10]
[239  14  12]
[240   0   0]
[240   1   0]
[240   2   0]
[240   2   2]
[240   4   4]
[240   4   6]
[240   4   8]
[240   5   1]
[240   5   2]
[240   5  10]
[240   6   0]
[240   6   5]
[240   6   7]
[240   7   3]
[240   7  10]
[240   8   8]
[240  10  12]
[240  10  20]
[240  11   5]
[240  11   6]
[240  12  11]
[240  12  13]
[241   0   0]
[241   0   6]
[241   1   0]
[241   1   2]
[241   1   4]
[241   2   0]
[241   2   5]
[241   2   8]
[241   3   0]
[241   3   1]
[241   3   3]
[241   4   0]
[241   5   5]
[241   5   7]
[241   5   9]
[241   6   2]
[241   7   0]
[241   7   8]
[241   8   3]
[241   8   4]
[241   9   5]
[241   9   7]
[241   9   9]
[241  10  16]
[241  11  11]
[241  11  13]
[241  12   6]
[241  12   9]
[241  16  10]
[242   0   0]
[242   0   1]
[242   1   8]
[242   2   1]
[242   2   3]
[242   2   5]
[242   3   0]
[242   3   6]
[242   3   9]
[242   4   1]
[242   5   0]
[242   6   0]
[242   8   7]
[242   9  12]
[242  10   6]
[242  10  10]
[242  11  17]
[242  12  12]
[242  12  15]
[243   0   0]
[243   0   2]
[243   1   0]
[243   2   0]
[243   2   8]
[243   3   2]
[243   3   4]
[243   3   6]
[243   4   1]
[243   4   7]
[243   4   9]
[243   5   2]
[243   5   3]
[243   5   5]
[243   6   0]
[243   8   5]
[243   9   2]
[243   9   8]
[243   9  10]
[243  10   3]
[243  10   6]
[243  10  14]
[244   0   0]
[244   0   2]
[244   1   3]
[244   1   5]
[244   2   0]
[244   2   1]
[244   3   9]
[244   4   3]
[244   4   5]
[244   4   7]
[244   5   0]
[244   5   2]
[244   5   8]
[244   5  10]
[244   6   3]
[244   6   4]
[244   6   6]
[244   9   6]
[244  10  13]
[244  12  10]
[245   0   0]
[245   0   4]
[245   0   6]
[245   1   0]
[245   1   1]
[245   1   3]
[245   2   0]
[245   2   4]
[245   2   6]
[245   2   8]
[245   3   0]
[245   3   1]
[245   3   2]
[245   4   0]
[245   4  10]
[245   5   4]
[245   5   6]
[245   5   8]
[245   6   0]
[245   6   1]
[245   6   3]
[245   6   9]
[245   7   5]
[245   7   7]
[245   8   0]
[246   0   0]
[246   0   1]
[246   0   3]
[246   1   0]
[246   1   6]
[246   2   1]
[246   2   2]
[246   2   4]
[246   2  10]
[246   3   0]
[246   3   5]
[246   3   7]
[246   4   0]
[246   4   2]
[246   4   3]
[246   5   0]
[246   5  11]
[246   6   5]
[246   6   7]
[246   6   9]
[246   7   2]
[246   7   4]
[246   7  10]
[246   7  13]
[246   8   5]
[247   0   0]
[247   0   1]
[247   0   8]
[247   1   2]
[247   1   4]
[247   2   0]
[247   2   1]
[247   2   7]
[247   3   2]
[247   3   3]
[247   3   5]
[247   4   0]
[247   4   6]
[247   4   8]
[247   5   1]
[247   5   3]
[247   5   4]
[247   6   0]
[247   7   6]
[247   7  10]
[247   8   3]
[247   8   5]
[247   8  11]
[247   9   9]
[248   0   0]
[248   0   1]
[248   0   3]
[248   1   0]
[248   2   3]
[248   2   5]
[248   2   7]
[248   3   0]
[248   3   2]
[248   4   0]
[248   4   3]
[248   4   4]
[248   4   6]
[248   5   1]
[248   5   7]
[248   5   9]
[248   6   2]
[248   6   4]
[248   6   5]
[248   7   0]
[248   8   7]
[249   0   0]
[249   0   1]
[249   0   3]
[249   0   4]
[249   0   5]
[249   0   8]
[249   1   0]
[249   1   1]
[249   1   2]
[249   2   0]
[249   3   4]
[249   3   6]
[249   3   8]
[249   4   0]
[249   4   1]
[249   4   3]
[249   5   4]
[249   5   5]
[249   6   2]
[249   6  12]
[249   7   3]
[249   7   5]
[249   7   6]
[249   9   8]
[249  10   5]
[250   0   0]
[250   0   1]
[250   0   2]
[250   0   4]
[250   0   5]
[250   0   6]
[250   1   0]
[250   1   5]
[250   1   7]
[250   2   0]
[250   2   2]
[250   2   3]
[250   3   0]
[250   4   5]
[250   5   0]
[250   5   4]
[250   5  10]
[250   6   0]
[250   8   4]
[250   8   7]
[250  10  11]
[251   0   0]
[251   0   1]
[251   0   2]
[251   0   3]
[251   0   5]
[251   0   6]
[251   0   7]
[251   0   9]
[251   1   2]
[251   1   3]
[251   2   0]
[251   2   6]
[251   3   0]
[251   3   1]
[251   3   3]
[251   3   4]
[251   4   0]
[251   5   6]
[251   6   3]
[251   7   7]
[251   8  12]
[251   9   8]
[252   0   0]
[252   0   1]
[252   0   2]
[252   0   3]
[252   0   4]
[252   0   6]
[252   0   7]
[252   1   0]
[252   1   6]
[252   1   8]
[252   2   3]
[252   2   4]
[252   3   0]
[252   3   1]
[252   3   7]
[252   3   9]
[252   4   0]
[252   4   2]
[252   4   4]
[252   4   5]
[252   5   0]
[252   7   6]
[252   8   7]
[253   0   0]
[253   0   1]
[253   0   2]
[253   0   3]
[253   0   4]
[253   0   5]
[253   0   6]
[253   0   7]
[253   0   8]
[253   0   9]
[253   1   0]
[253   2   0]
[253   2   7]
[253   2   9]
[253   2  11]
[253   3   0]
[253   3   4]
[253   3   5]
[253   4   0]
[253   4   2]
[253   5   0]
[253   5   3]
[253   5   5]
[253   5   6]
[253   6   0]
[253   6   1]
[253   8   5]
[253   9   0]
[253   9   9]
[253  10   6]
[254   0   0]
[254   0   2]
[254   0   3]
[254   0   5]
[254   0   7]
[254   0   8]
[254   0   9]
[254   1   0]
[254   1   3]
[254   1   4]
[254   1   6]
[254   2   0]
[254   2   1]
[254   3   0]
[254   3   8]
[254   4   5]
[254   4   6]
[254   5   0]
[254   5   1]
[254   5   3]
[254   6   4]
[254   6   6]
[254   6   7]
[254   7   0]
[254   7   2]
[254   8   9]
[254   8  13]
[255   0   4]
[255   0   6]
[255   0  10]
[255   1   0]
[255   1   1]
[255   1   3]
[255   1   5]
[255   1   7]
[255   1   9]
[255   1  11]
[255   1  12]
[255   2   0]
[255   2   2]
[255   2   4]
[255   2   5]
[255   2   6]
[255   2   7]
[255   2   8]
[255   3   0]
[255   3   1]
[255   3   2]
[255   3   3]
[255   3   5]
[255   3   6]
[255   3   7]
[255   3   8]
[255   4   0]
[255   4   1]
[255   4   2]
[255   4   3]
[255   4   4]
[255   4   6]
[255   4   7]
[255   4   9]
[255   5   0]
[255   5   2]
[255   5   3]
[255   5   4]
[255   5   6]
[255   5   7]
[255   5   8]
[255   6   0]
[255   6   1]
[255   6   2]
[255   6   3]
[255   6   4]
[255   6   5]
[255   6   8]
[255   6  11]
[255   7   1]
[255   7   3]
[255   7   4]
[255   7   5]
[255   7   8]
[255   7   9]
[255   7  11]
[255   8   6]
[255   8   7]
[255   8   8]
[255   8   9]
[255   9   1]
[255   9   4]
[255   9   7]
